{
  "asset": {
    "version": "2.0",
    "generator": "THREE.GLTFExporter"
  },
  "scenes": [
    {
      "name": "Scene",
      "nodes": [
        0,
        1,
        2,
        3,
        4,
        5,
        6,
        7,
        8,
        9,
        10,
        11,
        12,
        13,
        14,
        15,
        16,
        17,
        18,
        19,
        20,
        21,
        22,
        23,
        24,
        25,
        26,
        27,
        28,
        29,
        30,
        31,
        32,
        33,
        34,
        35,
        36,
        37,
        38,
        39,
        40,
        41,
        42,
        43,
        44,
        45,
        46,
        47,
        48,
        49,
        50,
        51,
        52,
        53,
        54,
        55,
        56,
        57,
        58,
        63,
        68,
        73,
        78,
        83,
        90,
        91,
        92,
        93,
        94,
        95,
        96,
        97,
        98,
        99,
        104,
        109,
        110,
        111,
        112,
        113,
        114,
        119,
        124,
        129,
        134,
        135,
        136,
        137,
        138,
        139,
        140,
        141,
        142,
        143,
        144,
        145,
        146,
        147,
        148,
        149,
        150,
        151,
        152,
        153,
        154,
        155,
        156,
        157,
        158,
        159,
        160,
        161
      ]
    }
  ],
  "scene": 0,
  "nodes": [
    {
      "matrix": [
        1,
        0,
        0,
        0,
        0,
        1,
        0,
        0,
        0,
        0,
        1,
        0,
        0,
        2.0543586321188734,
        -1.4546793751509897,
        1
      ],
      "name": "AmbientLight"
    },
    {
      "matrix": [
        1,
        0,
        0,
        0,
        0,
        1,
        0,
        0,
        0,
        0,
        1,
        0,
        0,
        -0.23256928398283705,
        0,
        1
      ],
      "name": "Cylinder",
      "mesh": 0
    },
    {
      "matrix": [
        1,
        0,
        0,
        0,
        0,
        1,
        0,
        0,
        0,
        0,
        1,
        0,
        0.4546546729888906,
        0.4605503123763611,
        0.17291173755113776,
        1
      ],
      "name": "Lathe",
      "mesh": 1
    },
    {
      "matrix": [
        0.9926934320448003,
        0.005715987296905412,
        0.12052832639814183,
        0,
        -0.06593462500680065,
        0.8622589097847649,
        0.5021575427313636,
        0,
        -0.10105629718294638,
        -0.5064354845249395,
        0.8563356379444113,
        0,
        -0.5590501899625515,
        0.4822601257949075,
        0.27932044481596896,
        1
      ],
      "name": "Cylinder",
      "mesh": 2
    },
    {
      "matrix": [
        1,
        0,
        0,
        0,
        0,
        1,
        0,
        0,
        0,
        0,
        1,
        0,
        -0.5918747163834255,
        0.8338310104861844,
        0.09956805792949022,
        1
      ],
      "name": "Dodecahedron",
      "mesh": 3
    },
    {
      "name": "Cylinder",
      "mesh": 4
    },
    {
      "matrix": [
        1,
        0,
        0,
        0,
        0,
        0.8677654533689285,
        0.4969739610275553,
        0,
        0,
        -0.4969739610275553,
        0.8677654533689285,
        0,
        -0.4845920906080664,
        0.7151581360955559,
        0.2994491705667029,
        1
      ],
      "name": "Dodecahedron",
      "mesh": 5
    },
    {
      "matrix": [
        1,
        0,
        0,
        0,
        0,
        1,
        0,
        0,
        0,
        0,
        1,
        0,
        0.4484861694007687,
        0.000979923078022804,
        0.3252228206130335,
        1
      ],
      "name": "Box",
      "mesh": 6
    },
    {
      "matrix": [
        1,
        0,
        0,
        0,
        0,
        1,
        0,
        0,
        0,
        0,
        1,
        0,
        0.4554279937839635,
        0.17671855933613956,
        0.4163507683067881,
        1
      ],
      "name": "Box",
      "mesh": 7
    },
    {
      "matrix": [
        1,
        0,
        0,
        0,
        0,
        1,
        0,
        0,
        0,
        0,
        1,
        0,
        -0.566288051313943,
        0.3437088790181775,
        0.17700939032180885,
        1
      ],
      "name": "Cylinder",
      "mesh": 8
    },
    {
      "matrix": [
        1,
        0,
        0,
        0,
        0,
        1,
        0,
        0,
        0,
        0,
        1,
        0,
        0.45403180056090625,
        0.16414593307983782,
        0.40488574737694083,
        1
      ],
      "name": "Box",
      "mesh": 9
    },
    {
      "matrix": [
        1,
        0,
        0,
        0,
        0,
        1,
        0,
        0,
        0,
        0,
        1,
        0,
        0.45081543777595384,
        0.07765717234254926,
        0.5215544133643235,
        1
      ],
      "name": "Box",
      "mesh": 10
    },
    {
      "matrix": [
        1,
        0,
        0,
        0,
        0,
        1,
        0,
        0,
        0,
        0,
        1,
        0,
        -1.1764496853907285,
        1.4807594621649272,
        -0.8891936806414114,
        1
      ],
      "name": "Dodecahedron",
      "mesh": 11
    },
    {
      "matrix": [
        0.9335804264972017,
        0,
        0.3583679495453003,
        0,
        0,
        1,
        0,
        0,
        -0.3583679495453003,
        0,
        0.9335804264972017,
        0,
        0.44740416743386047,
        0,
        0.15229179946006222,
        1
      ],
      "name": "Cylinder",
      "mesh": 12
    },
    {
      "matrix": [
        1,
        0,
        0,
        0,
        0,
        1,
        0,
        0,
        0,
        0,
        1,
        0,
        0.44826297330199194,
        0.37673475541252066,
        -0.1672933480010539,
        1
      ],
      "name": "Cylinder",
      "mesh": 13
    },
    {
      "matrix": [
        1,
        0,
        0,
        0,
        0,
        1,
        0,
        0,
        0,
        0,
        1,
        0,
        0.4350329051806191,
        1.2869638667374386,
        -0.17744731701891114,
        1
      ],
      "name": "Lathe",
      "mesh": 14
    },
    {
      "matrix": [
        0.9982398279237653,
        0,
        -0.05930637357596165,
        0,
        -0.05930637357596165,
        -4.440892098500626e-16,
        -0.9982398279237654,
        0,
        -2.081668171172169e-17,
        1.0000000000000004,
        -4.440892098500627e-16,
        0,
        0.44557207827949996,
        1.0561258433000738,
        -0.1796391263670098,
        1
      ],
      "name": "Torus",
      "mesh": 15
    },
    {
      "matrix": [
        1,
        0,
        0,
        0,
        0,
        1,
        0,
        0,
        0,
        0,
        1,
        0,
        0.439832610461272,
        1.1016166670927796,
        -0.1847658374466007,
        1
      ],
      "name": "Cylinder",
      "mesh": 16
    },
    {
      "matrix": [
        1,
        0,
        0,
        0,
        0,
        1,
        0,
        0,
        0,
        0,
        1,
        0,
        0.7757630157459543,
        0.14320525700613007,
        0.12539557891508926,
        1
      ],
      "name": "Dodecahedron",
      "mesh": 17
    },
    {
      "matrix": [
        1,
        0,
        0,
        0,
        0,
        0.6794413042615163,
        -0.7337298645028765,
        0,
        0,
        0.7337298645028765,
        0.6794413042615163,
        0,
        0.757324565095828,
        0.11141430450330692,
        0,
        1
      ],
      "name": "Dodecahedron",
      "mesh": 18
    },
    {
      "matrix": [
        0.7477980904985316,
        0,
        0.6639262126522416,
        0,
        0,
        1,
        0,
        0,
        -0.6639262126522416,
        0,
        0.7477980904985316,
        0,
        0.6502351214431956,
        0.17819473016939869,
        -0.48090423454611475,
        1
      ],
      "name": "Dodecahedron",
      "mesh": 19
    },
    {
      "matrix": [
        -0.0836778433323162,
        0.38294754487347904,
        0.91997238893927,
        0,
        1.9428902930940237e-16,
        0.9232102171129807,
        -0.3842953226598041,
        0,
        -0.9964928592495045,
        -0.032157003802868706,
        -0.07725223991037367,
        0,
        0.5123987663352405,
        0.1852954157281974,
        -0.556100043311269,
        1
      ],
      "name": "Dodecahedron",
      "mesh": 20
    },
    {
      "matrix": [
        1,
        0,
        0,
        0,
        0,
        1,
        0,
        0,
        0,
        0,
        1,
        0,
        0.4442887723662088,
        1.1702036900066808,
        -0.027760991104753663,
        1
      ],
      "name": "Box",
      "mesh": 21
    },
    {
      "matrix": [
        1,
        0,
        0,
        0,
        0,
        1,
        0,
        0,
        0,
        0,
        1,
        0,
        0.1775523968845132,
        -0.28905192412102765,
        0.03654234359932218,
        1
      ],
      "name": "Cylinder",
      "mesh": 22
    },
    {
      "matrix": [
        1,
        0,
        0,
        0,
        0,
        1,
        0,
        0,
        0,
        0,
        1,
        0,
        -0.1499126264256183,
        -0.2617569731562027,
        -0.2807684000329844,
        1
      ],
      "name": "Cylinder",
      "mesh": 23
    },
    {
      "matrix": [
        1,
        0,
        0,
        0,
        0,
        1,
        0,
        0,
        0,
        0,
        1,
        0,
        -0.2802517013726537,
        -0.251681829275328,
        0.03957093703680209,
        1
      ],
      "name": "Cylinder",
      "mesh": 24
    },
    {
      "matrix": [
        1,
        0,
        0,
        0,
        0,
        1,
        0,
        0,
        0,
        0,
        1,
        0,
        0.17430669505640287,
        -0.2650347348828911,
        -0.42087621898386685,
        1
      ],
      "name": "Cylinder",
      "mesh": 25
    },
    {
      "matrix": [
        1,
        0,
        0,
        0,
        0,
        1,
        0,
        0,
        0,
        0,
        1,
        0,
        -0.142875553286889,
        -0.26559181888045624,
        0.3601783615329781,
        1
      ],
      "name": "Cylinder",
      "mesh": 26
    },
    {
      "matrix": [
        1,
        0,
        0,
        0,
        0,
        1,
        0,
        0,
        0,
        0,
        1,
        0,
        0.18135252933633672,
        -0.26266358050661726,
        0.4899919487977259,
        1
      ],
      "name": "Cylinder",
      "mesh": 27
    },
    {
      "matrix": [
        1,
        0,
        0,
        0,
        0,
        1,
        0,
        0,
        0,
        0,
        1,
        0,
        0.0061921818371909465,
        -0.09788277520682898,
        -0.7856929498868099,
        1
      ],
      "name": "Box",
      "mesh": 28
    },
    {
      "matrix": [
        0.06279051952931204,
        -5.551115123125784e-16,
        -0.9980267284282723,
        0,
        -0.9980267284282723,
        -1.3322676295501882e-15,
        -0.06279051952931254,
        0,
        -7.7715611723761e-16,
        1.0000000000000009,
        -1.110223024625157e-15,
        0,
        0.08375006739273327,
        0.09714076263851901,
        -0.1220466045747427,
        1
      ],
      "name": "Ring",
      "mesh": 29
    },
    {
      "matrix": [
        1,
        0,
        0,
        0,
        0,
        1,
        0,
        0,
        0,
        0,
        1,
        0,
        -0.4420756044558638,
        0.0435337312693459,
        0.3151083939304585,
        1
      ],
      "name": "Box",
      "mesh": 30
    },
    {
      "matrix": [
        1,
        0,
        0,
        0,
        0,
        1,
        0,
        0,
        0,
        0,
        1,
        0,
        0.4545460813376283,
        0.05373572592142295,
        -0.5138189104643036,
        1
      ],
      "name": "Cylinder",
      "mesh": 31
    },
    {
      "matrix": [
        0.9466492601156964,
        0,
        0.3222656952305111,
        0,
        0,
        1,
        0,
        0,
        -0.3222656952305111,
        0,
        0.9466492601156964,
        0,
        -0.6780977518937323,
        0.035349147115106616,
        0.013623944812710453,
        1
      ],
      "name": "Cylinder",
      "mesh": 32
    },
    {
      "matrix": [
        1,
        0,
        0,
        0,
        0,
        1,
        0,
        0,
        0,
        0,
        1,
        0,
        -0.8377270204128319,
        -0.0006833491369798717,
        0.29233987710374676,
        1
      ],
      "name": "Cylinder",
      "mesh": 33
    },
    {
      "matrix": [
        1,
        0,
        0,
        0,
        0,
        1,
        0,
        0,
        0,
        0,
        1,
        0,
        0.049298461740285404,
        -0.03201595152882403,
        -0.16467912623704467,
        1
      ],
      "name": "Cylinder",
      "mesh": 34
    },
    {
      "matrix": [
        1,
        0,
        0,
        0,
        0,
        1,
        0,
        0,
        0,
        0,
        1,
        0,
        -0.6670107686891327,
        -0.037556319433558444,
        -0.1935950111488881,
        1
      ],
      "name": "Cylinder",
      "mesh": 35
    },
    {
      "matrix": [
        1,
        0,
        0,
        0,
        0,
        1,
        0,
        0,
        0,
        0,
        1,
        0,
        0,
        -0.031165345121924926,
        0.36917112918518447,
        1
      ],
      "name": "Cylinder",
      "mesh": 36
    },
    {
      "matrix": [
        0.9033297894355667,
        -0.003490651415223732,
        0.42893252018352734,
        0,
        0.0031532286184548257,
        0.9999939076577904,
        0.0014972630304528715,
        0,
        -0.4289351334031458,
        -2.168404344971009e-19,
        0.9033352928633008,
        0,
        0.16656761786754648,
        0,
        0.46253211241271586,
        1
      ],
      "name": "Cylinder",
      "mesh": 37
    },
    {
      "matrix": [
        1,
        0,
        0,
        0,
        0,
        1,
        0,
        0,
        0,
        0,
        1,
        0,
        -0.13756946226809674,
        0.1558967109717181,
        -0.7845065647270604,
        1
      ],
      "name": "Dodecahedron",
      "mesh": 38
    },
    {
      "matrix": [
        0.9612616959383189,
        -0.27563735581699916,
        0,
        0,
        0.27563735581699916,
        0.9612616959383189,
        0,
        0,
        0,
        0,
        1,
        0,
        -0.2307096741075907,
        0.12415116016374689,
        -0.7255733195712761,
        1
      ],
      "name": "Dodecahedron",
      "mesh": 39
    },
    {
      "matrix": [
        0.5924655431864276,
        -0.32556815445715676,
        0.7368785225124779,
        0,
        0.20400224644174772,
        0.9455185755993166,
        0.2537276229411364,
        0,
        -0.7793379649314742,
        0,
        0.6266038113644604,
        0,
        -0.17585669234088264,
        0.11661938777618719,
        -0.8617112659662935,
        1
      ],
      "name": "Dodecahedron",
      "mesh": 40
    },
    {
      "matrix": [
        0.9018325264051138,
        0,
        0.4320857488019823,
        0,
        0,
        1,
        0,
        0,
        -0.4320857488019823,
        0,
        0.9018325264051138,
        0,
        -0.5939420308389973,
        0.15631202005309452,
        0,
        1
      ],
      "name": "Dodecahedron",
      "mesh": 41
    },
    {
      "matrix": [
        1,
        0,
        0,
        0,
        0,
        1,
        0,
        0,
        0,
        0,
        1,
        0,
        -0.7383221998145496,
        0.14094167582775996,
        0.046230339612640114,
        1
      ],
      "name": "Dodecahedron",
      "mesh": 42
    },
    {
      "matrix": [
        1,
        0,
        0,
        0,
        0,
        1,
        0,
        0,
        0,
        0,
        1,
        0,
        -0.5650202581215047,
        0.07846821460837311,
        -0.15807420414605683,
        1
      ],
      "name": "Dodecahedron",
      "mesh": 43
    },
    {
      "matrix": [
        0.8724775766320793,
        -0.19423435121997196,
        0.4483925680476546,
        0,
        0.17275521223065562,
        0.9809551553491915,
        0.08878411930623951,
        0,
        -0.45709792705869406,
        1.3877787807814457e-17,
        0.8894163732912976,
        0,
        0.747512582123337,
        0.13609847877637182,
        0.5122550963318941,
        1
      ],
      "name": "Dodecahedron",
      "mesh": 44
    },
    {
      "matrix": [
        0.1391731009600656,
        -0.6123900873642986,
        0.7782089879120556,
        0,
        1.6653345369377346e-16,
        0.7858568931754019,
        0.618408395357554,
        0,
        -0.9902680687415704,
        -0.08606581404164887,
        0.10937014073406381,
        0,
        0.7743238239817994,
        0.14172552516916748,
        0.40372748530078395,
        1
      ],
      "name": "Dodecahedron",
      "mesh": 45
    },
    {
      "matrix": [
        0.8729220772698095,
        -0.08303834824531504,
        0.4807407614667704,
        0,
        6.938893903907228e-18,
        0.9854078984834901,
        0.17020949916603254,
        0,
        -0.4878596591387327,
        -0.14857962958306703,
        0.8601843097022858,
        0,
        0.8022665920010619,
        0.052384410371676016,
        0.24458711697402968,
        1
      ],
      "name": "Dodecahedron",
      "mesh": 46
    },
    {
      "matrix": [
        -0.006981260297961533,
        -0.003490566350510926,
        -0.9999695385116513,
        0,
        -0.9999756307053947,
        0.00002436914613901386,
        0.0069812177657346255,
        0,
        -5.551115123125783e-17,
        0.9999939076577904,
        -0.0034906514152237555,
        0,
        0.17228175647228838,
        0.222506308010188,
        0.03503847816847591,
        1
      ],
      "name": "Torus",
      "mesh": 47
    },
    {
      "matrix": [
        1,
        0,
        0,
        0,
        0,
        1,
        0,
        0,
        0,
        0,
        1,
        0,
        -0.03765054600887152,
        0.140209481385059,
        0.46934357772208113,
        1
      ],
      "name": "Dodecahedron",
      "mesh": 48
    },
    {
      "matrix": [
        1,
        0,
        0,
        0,
        0,
        1,
        0,
        0,
        0,
        0,
        1,
        0,
        0.02478083762348471,
        0.1434085995191694,
        0.5090165531645847,
        1
      ],
      "name": "Dodecahedron",
      "mesh": 49
    },
    {
      "matrix": [
        -0.006981260297961533,
        -0.003490566350510926,
        -0.9999695385116513,
        0,
        -0.9999756307053947,
        0.00002436914613901386,
        0.0069812177657346255,
        0,
        -5.551115123125783e-17,
        0.9999939076577904,
        -0.0034906514152237555,
        0,
        0.17228175647228838,
        0.1940921351604612,
        0.03503847816847591,
        1
      ],
      "name": "Torus",
      "mesh": 47
    },
    {
      "matrix": [
        -0.006981260297961533,
        -0.003490566350510926,
        -0.9999695385116513,
        0,
        -0.9999756307053947,
        0.00002436914613901386,
        0.0069812177657346255,
        0,
        -5.551115123125783e-17,
        0.9999939076577904,
        -0.0034906514152237555,
        0,
        0.17228175647228838,
        0.16643263330083097,
        0.03503847816847591,
        1
      ],
      "name": "Torus",
      "mesh": 47
    },
    {
      "matrix": [
        1,
        0,
        0,
        0,
        0,
        1,
        0,
        0,
        0,
        0,
        1,
        0,
        0.6558890494389105,
        0.10611373383797942,
        0.5337115390364773,
        1
      ],
      "name": "Dodecahedron",
      "mesh": 17
    },
    {
      "matrix": [
        0.8729220772698095,
        -0.08303834824531504,
        0.4807407614667704,
        0,
        6.938893903907228e-18,
        0.9854078984834901,
        0.17020949916603254,
        0,
        -0.4878596591387327,
        -0.14857962958306703,
        0.8601843097022858,
        0,
        0.7549870669104806,
        0.052384410371676016,
        -0.36555207182312577,
        1
      ],
      "name": "Dodecahedron",
      "mesh": 46
    },
    {
      "matrix": [
        0.9612616959383189,
        -0.27563735581699916,
        0,
        0,
        0.27563735581699916,
        0.9612616959383189,
        0,
        0,
        0,
        0,
        1,
        0,
        0.33583844870093893,
        0.12415116016374689,
        -0.5294811968351218,
        1
      ],
      "name": "Dodecahedron",
      "mesh": 39
    },
    {
      "matrix": [
        1,
        0,
        0,
        0,
        0,
        1,
        0,
        0,
        0,
        0,
        1,
        0,
        -0.6043826804639354,
        0.140209481385059,
        0.300707461480215,
        1
      ],
      "name": "Dodecahedron",
      "mesh": 48
    },
    {
      "matrix": [
        1,
        0,
        0,
        0,
        0,
        1,
        0,
        0,
        0,
        0,
        1,
        0,
        -0.565550006916773,
        0.09055819370494506,
        0.32259886078422073,
        1
      ],
      "name": "Dodecahedron",
      "mesh": 49
    },
    {
      "matrix": [
        0.9998476951563913,
        0,
        0.01745240643728351,
        0,
        0,
        1,
        0,
        0,
        -0.01745240643728351,
        0,
        0.9998476951563913,
        0,
        -0.3583087816464521,
        0.004868747156575315,
        -0.7709413821253155,
        1
      ],
      "name": "Cylinder",
      "mesh": 50
    },
    {
      "name": "Circle",
      "mesh": 51
    },
    {
      "name": "Torus",
      "mesh": 52
    },
    {
      "name": "Box",
      "mesh": 53
    },
    {
      "matrix": [
        2.220446049250313e-16,
        1,
        0,
        0,
        -1,
        2.220446049250313e-16,
        0,
        0,
        0,
        0,
        1,
        0,
        0,
        0,
        0,
        1
      ],
      "name": "Box",
      "mesh": 53
    },
    {
      "matrix": [
        0.422618261740699,
        0,
        0.90630778703665,
        0,
        0,
        1,
        0,
        0,
        -0.90630778703665,
        0,
        0.422618261740699,
        0,
        0.27448358199449974,
        1.2183577277133382,
        -0.07734983346558216,
        1
      ],
      "name": "Group",
      "children": [
        59,
        60,
        61,
        62
      ]
    },
    {
      "name": "Circle",
      "mesh": 51
    },
    {
      "name": "Torus",
      "mesh": 52
    },
    {
      "name": "Box",
      "mesh": 53
    },
    {
      "matrix": [
        2.220446049250313e-16,
        1,
        0,
        0,
        -1,
        2.220446049250313e-16,
        0,
        0,
        0,
        0,
        1,
        0,
        0,
        0,
        0,
        1
      ],
      "name": "Box",
      "mesh": 53
    },
    {
      "matrix": [
        0.7071067811865474,
        0,
        0.7071067811865477,
        0,
        0,
        1,
        0,
        0,
        -0.7071067811865477,
        0,
        0.7071067811865474,
        0,
        0.2496892678002033,
        0.3121011137874014,
        0.35414005954986616,
        1
      ],
      "name": "Group",
      "children": [
        64,
        65,
        66,
        67
      ]
    },
    {
      "name": "Circle",
      "mesh": 51
    },
    {
      "name": "Torus",
      "mesh": 52
    },
    {
      "name": "Box",
      "mesh": 53
    },
    {
      "matrix": [
        2.220446049250313e-16,
        1,
        0,
        0,
        -1,
        2.220446049250313e-16,
        0,
        0,
        0,
        0,
        1,
        0,
        0,
        0,
        0,
        1
      ],
      "name": "Box",
      "mesh": 53
    },
    {
      "matrix": [
        0.7071067811865474,
        0,
        -0.7071067811865477,
        0,
        0,
        1,
        0,
        0,
        0.7071067811865477,
        0,
        0.7071067811865474,
        0,
        0.6651521390634568,
        0.31158439207273875,
        0.33626332279715976,
        1
      ],
      "name": "Group",
      "children": [
        69,
        70,
        71,
        72
      ]
    },
    {
      "name": "Circle",
      "mesh": 51
    },
    {
      "name": "Torus",
      "mesh": 52
    },
    {
      "name": "Box",
      "mesh": 53
    },
    {
      "matrix": [
        2.220446049250313e-16,
        1,
        0,
        0,
        -1,
        2.220446049250313e-16,
        0,
        0,
        0,
        0,
        1,
        0,
        0,
        0,
        0,
        1
      ],
      "name": "Box",
      "mesh": 53
    },
    {
      "matrix": [
        0.422618261740699,
        0,
        -0.90630778703665,
        0,
        0,
        1,
        0,
        0,
        0.90630778703665,
        0,
        0.422618261740699,
        0,
        0.6100683975256183,
        1.2183577277133382,
        -0.10030056872709925,
        1
      ],
      "name": "Group",
      "children": [
        74,
        75,
        76,
        77
      ]
    },
    {
      "name": "Circle",
      "mesh": 51
    },
    {
      "name": "Torus",
      "mesh": 52
    },
    {
      "name": "Box",
      "mesh": 53
    },
    {
      "matrix": [
        2.220446049250313e-16,
        1,
        0,
        0,
        -1,
        2.220446049250313e-16,
        0,
        0,
        0,
        0,
        1,
        0,
        0,
        0,
        0,
        1
      ],
      "name": "Box",
      "mesh": 53
    },
    {
      "matrix": [
        -0.939692620785908,
        0,
        -0.3420201433256688,
        0,
        0,
        1,
        0,
        0,
        0.3420201433256688,
        0,
        -0.939692620785908,
        0,
        0.5375240866594361,
        1.2183577277133382,
        -0.3494553681918984,
        1
      ],
      "name": "Group",
      "children": [
        79,
        80,
        81,
        82
      ]
    },
    {
      "matrix": [
        1,
        0,
        0,
        0,
        0,
        1,
        0,
        0,
        0,
        0,
        1,
        0,
        0,
        0.3788065688277496,
        0,
        1
      ],
      "name": "Box",
      "mesh": 54
    },
    {
      "matrix": [
        1,
        0,
        0,
        0,
        0,
        1,
        0,
        0,
        0,
        0,
        1,
        0,
        0,
        0.3120991209205484,
        0,
        1
      ],
      "name": "Box",
      "mesh": 54
    },
    {
      "matrix": [
        1,
        0,
        0,
        0,
        0,
        1,
        0,
        0,
        0,
        0,
        1,
        0,
        0,
        0.35182905532337017,
        0.03331259429569637,
        1
      ],
      "name": "Box",
      "mesh": 55
    },
    {
      "matrix": [
        1,
        0,
        0,
        0,
        0,
        1,
        0,
        0,
        0,
        0,
        1,
        0,
        0,
        0.35182905532337017,
        -0.03432800118838841,
        1
      ],
      "name": "Box",
      "mesh": 55
    },
    {
      "matrix": [
        8.88178419700125e-16,
        0.7071067811865471,
        -0.7071067811865475,
        0,
        -3.885780586188048e-16,
        0.7071067811865477,
        0.7071067811865474,
        0,
        0.9999999999999998,
        -2.2204460492503128e-16,
        8.881784197001251e-16,
        0,
        0,
        0.34987533302694385,
        0,
        1
      ],
      "name": "Torus",
      "mesh": 56
    },
    {
      "matrix": [
        1,
        0,
        0,
        0,
        0,
        1,
        0,
        0,
        0,
        0,
        1,
        0,
        0.010569337389908784,
        0.35621676483290904,
        0.0010039898798303581,
        1
      ],
      "name": "Box",
      "mesh": 57
    },
    {
      "matrix": [
        0.9196974143011368,
        -0.04187565372919963,
        -0.39038839090392397,
        0,
        0.03854674249922204,
        0.9991228300988584,
        -0.01636212143783624,
        0,
        0.39073112848927377,
        -5.20417042793042e-18,
        0.92050485345244,
        0,
        0.11752641854531853,
        -0.09253609734063671,
        -0.04963200545540283,
        1
      ],
      "name": "Group",
      "children": [
        84,
        85,
        86,
        87,
        88,
        89
      ]
    },
    {
      "matrix": [
        0.8517269341430476,
        0,
        -0.5239859059700792,
        0,
        0,
        1,
        0,
        0,
        0.5239859059700792,
        0,
        0.8517269341430476,
        0,
        -0.4008340189104369,
        0.153,
        0.8699539387606682,
        1
      ],
      "name": "Dodecahedron",
      "mesh": 48
    },
    {
      "matrix": [
        1,
        0,
        0,
        0,
        0,
        1,
        0,
        0,
        0,
        0,
        1,
        0,
        -0.483295259784531,
        0.1434085995191694,
        0.8858784053268138,
        1
      ],
      "name": "Dodecahedron",
      "mesh": 49
    },
    {
      "matrix": [
        1,
        0,
        0,
        0,
        0,
        1,
        0,
        0,
        0,
        0,
        1,
        0,
        -0.30693215564722515,
        0.140209481385059,
        0.9032803379468772,
        1
      ],
      "name": "Dodecahedron",
      "mesh": 48
    },
    {
      "matrix": [
        0.8724775766320793,
        -0.19423435121997196,
        0.4483925680476546,
        0,
        0.17275521223065562,
        0.9809551553491915,
        0.08878411930623951,
        0,
        -0.45709792705869406,
        1.3877787807814457e-17,
        0.8894163732912976,
        0,
        -0.2978599312056805,
        0.13609847877637182,
        0.8082201326173066,
        1
      ],
      "name": "Dodecahedron",
      "mesh": 44
    },
    {
      "matrix": [
        0.6996633405133653,
        0,
        0.7144726796328033,
        0,
        0,
        1,
        0,
        0,
        -0.7144726796328033,
        0,
        0.6996633405133653,
        0,
        -0.21701973578665307,
        0.14094167582775996,
        0.9008589686842279,
        1
      ],
      "name": "Dodecahedron",
      "mesh": 58
    },
    {
      "matrix": [
        0.9998476951563913,
        0,
        0.01745240643728351,
        0,
        0,
        1,
        0,
        0,
        -0.01745240643728351,
        0,
        0.9998476951563913,
        0,
        -0.19617665979378182,
        0.11067018634642359,
        0.8540452257168516,
        1
      ],
      "name": "Cylinder",
      "mesh": 59
    },
    {
      "matrix": [
        0.8290375725550416,
        0,
        0.5591929034707469,
        0,
        0,
        1,
        0,
        0,
        -0.5591929034707469,
        0,
        0.8290375725550416,
        0,
        0.1994225903066223,
        0.7304790350379755,
        -0.4139094058454901,
        1
      ],
      "name": "Box",
      "mesh": 60
    },
    {
      "matrix": [
        1,
        0,
        0,
        0,
        0,
        1,
        0,
        0,
        0,
        0,
        1,
        0,
        0.01446443130855063,
        0.7319524529549362,
        -0.5291932438291863,
        1
      ],
      "name": "Cylinder",
      "mesh": 61
    },
    {
      "matrix": [
        1,
        0,
        0,
        0,
        0,
        1,
        0,
        0,
        0,
        0,
        1,
        0,
        0.0037391354435784008,
        0.7972406185932739,
        -0.53984814874464,
        1
      ],
      "name": "Lathe",
      "mesh": 62
    },
    {
      "name": "Circle",
      "mesh": 51
    },
    {
      "name": "Torus",
      "mesh": 52
    },
    {
      "name": "Box",
      "mesh": 53
    },
    {
      "matrix": [
        2.220446049250313e-16,
        1,
        0,
        0,
        -1,
        2.220446049250313e-16,
        0,
        0,
        0,
        0,
        1,
        0,
        0,
        0,
        0,
        1
      ],
      "name": "Box",
      "mesh": 53
    },
    {
      "matrix": [
        0.9149596678498247,
        0,
        0.40354529635239017,
        0,
        0,
        1,
        0,
        0,
        -0.40354529635239017,
        0,
        0.9149596678498247,
        0,
        -0.05648332023047953,
        0.7454120246869095,
        -0.37584675223659275,
        1
      ],
      "name": "Group",
      "children": [
        100,
        101,
        102,
        103
      ]
    },
    {
      "name": "Circle",
      "mesh": 51
    },
    {
      "name": "Torus",
      "mesh": 52
    },
    {
      "name": "Box",
      "mesh": 53
    },
    {
      "matrix": [
        2.220446049250313e-16,
        1,
        0,
        0,
        -1,
        2.220446049250313e-16,
        0,
        0,
        0,
        0,
        1,
        0,
        0,
        0,
        0,
        1
      ],
      "name": "Box",
      "mesh": 53
    },
    {
      "matrix": [
        0.92050485345244,
        4.785076258316222e-17,
        0.3907311284892737,
        0,
        1.2325951644078315e-32,
        -1.0000000000000009,
        1.2246467991473535e-16,
        0,
        0.39073112848927394,
        -1.1272933223801343e-16,
        -0.9205048534524409,
        0,
        0.07153775317382588,
        0.741685363185581,
        -0.691105269077133,
        1
      ],
      "name": "Group",
      "children": [
        105,
        106,
        107,
        108
      ]
    },
    {
      "matrix": [
        1,
        0,
        0,
        0,
        0,
        1,
        0,
        0,
        0,
        0,
        1,
        0,
        0.18124861262512848,
        0.25208813360018056,
        0.4910825815947677,
        1
      ],
      "name": "Octahedron",
      "mesh": 63
    },
    {
      "matrix": [
        1,
        0,
        0,
        0,
        0,
        1,
        0,
        0,
        0,
        0,
        1,
        0,
        -0.14345726717394477,
        0.25208813360018056,
        0.3634342449289739,
        1
      ],
      "name": "Octahedron",
      "mesh": 63
    },
    {
      "matrix": [
        1,
        0,
        0,
        0,
        0,
        1,
        0,
        0,
        0,
        0,
        1,
        0,
        -0.2799918264132386,
        0.25208813360018056,
        0.039312109528422026,
        1
      ],
      "name": "Octahedron",
      "mesh": 63
    },
    {
      "matrix": [
        1,
        0,
        0,
        0,
        0,
        1,
        0,
        0,
        0,
        0,
        1,
        0,
        -0.15122303292716355,
        0.25208813360018056,
        -0.28275039552505765,
        1
      ],
      "name": "Octahedron",
      "mesh": 63
    },
    {
      "matrix": [
        1,
        0,
        0,
        0,
        0,
        1,
        0,
        0,
        0,
        0,
        1,
        0,
        0.17427673422251458,
        0.25208813360018056,
        -0.41807977297746846,
        1
      ],
      "name": "Octahedron",
      "mesh": 63
    },
    {
      "name": "Circle",
      "mesh": 51
    },
    {
      "name": "Torus",
      "mesh": 52
    },
    {
      "name": "Box",
      "mesh": 53
    },
    {
      "matrix": [
        2.220446049250313e-16,
        1,
        0,
        0,
        -1,
        2.220446049250313e-16,
        0,
        0,
        0,
        0,
        1,
        0,
        0,
        0,
        0,
        1
      ],
      "name": "Box",
      "mesh": 53
    },
    {
      "matrix": [
        0.3810703763502741,
        -1.1322423407277005e-16,
        -0.9245460336123131,
        0,
        1.232595164407831e-32,
        -0.9999999999999998,
        1.2246467991473535e-16,
        0,
        -0.9245460336123131,
        -4.666766166472406e-17,
        -0.38107037635027385,
        0,
        -0.13379453489196763,
        0.741685363185581,
        -0.6124462029949521,
        1
      ],
      "name": "Group",
      "children": [
        115,
        116,
        117,
        118
      ]
    },
    {
      "name": "Circle",
      "mesh": 51
    },
    {
      "name": "Torus",
      "mesh": 52
    },
    {
      "name": "Box",
      "mesh": 53
    },
    {
      "matrix": [
        2.220446049250313e-16,
        1,
        0,
        0,
        -1,
        2.220446049250313e-16,
        0,
        0,
        0,
        0,
        1,
        0,
        0,
        0,
        0,
        1
      ],
      "name": "Box",
      "mesh": 53
    },
    {
      "matrix": [
        -0.37186924289837847,
        -0.012919721009774518,
        -0.928195209530418,
        0,
        -0.0669098376158953,
        0.9976753752795766,
        0.01291972100977452,
        0,
        0.9258705848099945,
        0.06690983761589529,
        -0.37186924289837847,
        0,
        0.7803914480501163,
        0.30719576304271123,
        -0.22649082021035222,
        1
      ],
      "name": "Group",
      "children": [
        120,
        121,
        122,
        123
      ]
    },
    {
      "name": "Circle",
      "mesh": 51
    },
    {
      "name": "Torus",
      "mesh": 52
    },
    {
      "name": "Box",
      "mesh": 53
    },
    {
      "matrix": [
        2.220446049250313e-16,
        1,
        0,
        0,
        -1,
        2.220446049250313e-16,
        0,
        0,
        0,
        0,
        1,
        0,
        0,
        0,
        0,
        1
      ],
      "name": "Box",
      "mesh": 53
    },
    {
      "matrix": [
        -0.37186924289837847,
        -0.012919721009774518,
        -0.928195209530418,
        0,
        -0.0669098376158953,
        0.9976753752795766,
        0.01291972100977452,
        0,
        0.9258705848099945,
        0.06690983761589529,
        -0.37186924289837847,
        0,
        0.7542020446204227,
        0.7314106318362779,
        -0.22649082021035222,
        1
      ],
      "name": "Group",
      "children": [
        125,
        126,
        127,
        128
      ]
    },
    {
      "name": "Circle",
      "mesh": 51
    },
    {
      "name": "Torus",
      "mesh": 52
    },
    {
      "name": "Box",
      "mesh": 53
    },
    {
      "matrix": [
        2.220446049250313e-16,
        1,
        0,
        0,
        -1,
        2.220446049250313e-16,
        0,
        0,
        0,
        0,
        1,
        0,
        0,
        0,
        0,
        1
      ],
      "name": "Box",
      "mesh": 53
    },
    {
      "matrix": [
        -0.9257381562908584,
        -0.023010879097275828,
        -0.37746438961890644,
        0,
        -0.05175679816728055,
        0.9964639184222874,
        0.06618831563027001,
        0,
        0.374606593415912,
        0.08080939750840507,
        -0.9236556400757023,
        0,
        0.542908725812459,
        0.5510724480722156,
        -0.46854561006080386,
        1
      ],
      "name": "Group",
      "children": [
        130,
        131,
        132,
        133
      ]
    },
    {
      "matrix": [
        1,
        0,
        0,
        0,
        0,
        1,
        0,
        0,
        0,
        0,
        1,
        0,
        -1.1101498807141863,
